       weight_2023 pitax_2023 total_income_2023 weight_2024 pitax_2024 total_income_2024 weight_ref_2024 pitax_ref_2024 total_income_ref_2024 weight_ref_2025 pitax_ref_2025 total_income_ref_2025 weight_ref_2026 pitax_ref_2026 total_income_ref_2026 weight_ref_2027 pitax_ref_2027 total_income_ref_2027 weight_ref_2028 pitax_ref_2028 total_income_ref_2028 weight_ref_2029 pitax_ref_2029 total_income_ref_2029 weight_ref_2030 pitax_ref_2030 total_income_ref_2030 weight_ref_2031 pitax_ref_2031 total_income_ref_2031 weight_ref_2032 pitax_ref_2032 total_income_ref_2032
0-10n          -99          0                 0         -99          0                 0             -99              0                     0             -99              0                     0             -99              0                     0             -99              0                     0             -99              0                     0             -99              0                     0             -99              0                     0             -99              0                     0             -99              0                     0
0-10z          -99          0                 0         -99          0                 0             -99              0                     0             -99              0                     0             -99              0                     0             -99              0                     0             -99              0                     0             -99              0                     0             -99              0                     0             -99              0                     0             -99              0                     0
0-10p      236,768          0            71,137     210,922          0            79,674         210,922              0                79,674         210,922              0                88,438         210,922              2                98,166         210,922             22               108,964         210,922             61               120,950         210,922            119               134,255         210,922            217               149,023         210,922            663               165,415         210,922          1,785               183,611
10-20      236,768         35           200,729     210,922         77           224,817         210,922             77               224,817         210,922            177               249,546         210,922          1,323               276,996         210,922          4,541               307,466         210,922          9,779               341,287         210,922         17,272               378,829         210,922         27,180               420,500         210,922         39,099               466,755         210,922         52,809               518,098
20-30      236,768      2,281           297,922     210,922      7,397           333,672         210,922          6,491               333,672         210,922         13,706               370,376         210,922         23,306               411,118         210,922         34,753               456,341         210,922         48,103               506,538         210,922         63,236               562,257         210,922         80,165               624,106         210,922         99,074               692,757         210,922        120,131               768,961
30-40      236,768     23,274           407,485     210,922     35,854           456,383         210,922         33,935               456,383         210,922         47,293               506,585         210,922         62,386               562,310         210,922         79,221               624,164         210,922         97,986               692,822         210,922        118,864               769,032         210,922        142,097               853,626         210,922        167,939               947,525         210,922        196,650             1,051,753
40-50      236,793     53,833           518,837     210,945     71,171           581,098         210,945         68,596               581,098         210,945         86,157               645,018         210,945        105,675               715,970         210,945        127,357               794,727         210,945        151,441               882,147         210,945        178,201               979,183         210,945        207,930             1,086,893         210,945        240,948             1,206,452         210,945        277,608             1,339,161
50-60      236,768     85,617           631,069     210,922    106,805           706,798         210,922        103,674               706,798         210,922        125,092               784,546         210,922        148,875               870,846         210,922        175,285               966,639         210,922        204,614             1,072,969         210,922        237,206             1,190,995         210,922        273,422             1,322,005         210,922        313,656             1,467,425         210,922        358,348             1,628,842
60-70      236,768    130,450           792,909     210,922    157,044           888,058         210,922        153,121               888,058         210,922        180,008               985,744         210,922        209,869             1,094,176         210,922        243,036             1,214,535         210,922        279,883             1,348,134         210,922        320,823             1,496,429         210,922        366,303             1,661,036         210,922        416,826             1,843,750         210,922        473,027             2,046,563
70-80      236,780    193,417         1,013,735     210,934    227,579         1,135,383         210,934        222,560             1,135,383         210,934        257,097             1,260,276         210,934        295,460             1,398,906         210,934        338,074             1,552,785         210,934        385,433             1,723,592         210,934        438,041             1,913,187         210,934        496,649             2,123,638         210,934        562,132             2,357,238         210,934        635,232             2,616,534
80-90      236,785    318,786         1,470,569     210,938    368,151         1,647,037         210,938        360,934             1,647,037         210,938        410,925             1,828,211         210,938        466,686             2,029,314         210,938        528,895             2,252,539         210,938        598,299             2,500,318         210,938        675,723             2,775,353         210,938        762,024             3,080,642         210,938        858,095             3,419,512         210,938        965,017             3,795,659
90-100     236,774  1,440,564         5,251,578     210,928  1,633,222         5,881,768         210,928      1,605,938             5,881,768         210,928      1,802,118             6,528,762         210,928      2,021,614             7,246,926         210,928      2,266,961             8,044,088         210,928      2,541,215             8,928,937         210,928      2,847,916             9,911,120         210,928      3,190,977            11,001,344         210,928      3,574,798            12,211,491         210,928      4,004,118            13,554,755
ALL      2,367,737    224,828         1,065,605   2,109,279    260,732         1,193,478       2,109,279        255,535             1,193,478       2,109,279        292,260             1,324,760       2,109,279        333,522             1,470,484       2,109,279        379,818             1,632,237       2,109,279        431,685             1,811,783       2,109,279        489,744             2,011,079       2,109,279        554,701             2,232,298       2,109,279        627,328             2,477,851       2,109,279        708,478             2,750,415
90-95      118,386    599,442         2,496,451     105,463    684,183         2,796,025         105,463        671,804             2,796,025         105,463        757,900             3,103,588         105,463        853,914             3,444,983         105,463        960,904             3,823,931         105,463      1,080,164             4,244,563         105,463      1,213,099             4,711,465         105,463      1,361,650             5,229,727         105,463      1,529,674             5,804,997         105,463      1,719,937             6,443,546
95-99       94,710  1,273,746         4,843,219      84,371  1,445,386         5,424,405          84,371      1,420,822             5,424,405          84,371      1,596,647             6,021,090          84,371      1,795,387             6,683,410          84,371      2,019,716             7,418,585          84,371      2,272,870             8,234,629          84,371      2,558,850             9,140,438          84,371      2,881,577            10,145,886          84,371      3,243,426            11,261,934          84,371      3,648,561            12,500,746
Top 1%      23,678  6,313,292        20,660,163      21,093  7,129,594        23,139,383          21,093      7,016,904            23,139,383          21,093      7,844,902            25,684,715          21,093      8,764,809            28,510,034          21,093      9,785,992            31,646,137          21,093     10,919,589            35,127,212          21,093     12,177,972            38,991,206          21,093     13,574,889            43,280,238          21,093     15,125,537            48,041,064          21,093     16,846,845            53,325,582

