            weight_2023 pitax_2023 total_income_2023     weight_2024 pitax_2024 total_income_2024 weight_ref_2024 pitax_ref_2024 total_income_ref_2024 weight_ref_2025 pitax_ref_2025 total_income_ref_2025 weight_ref_2026 pitax_ref_2026 total_income_ref_2026 weight_ref_2027 pitax_ref_2027 total_income_ref_2027 weight_ref_2028 pitax_ref_2028 total_income_ref_2028 weight_ref_2029 pitax_ref_2029 total_income_ref_2029 weight_ref_2030 pitax_ref_2030 total_income_ref_2030 weight_ref_2031 pitax_ref_2031 total_income_ref_2031 weight_ref_2032 pitax_ref_2032 total_income_ref_2032
<0                  0.0          0                 0             0.0          0                 0             0.0              0                     0             0.0              0                     0             0.0              0                     0             0.0              0                     0             0.0              0                     0             0.0              0                     0             0.0              0                     0             0.0              0                     0             0.0              0                     0
=0                  0.0          0                 0             0.0          0                 0             0.0              0                     0             0.0              0                     0             0.0              0                     0             0.0              0                     0             0.0              0                     0             0.0              0                     0             0.0              0                     0             0.0              0                     0             0.0              0                     0
0-0.5 m  1019129.817673      9,234           266,344   803483.468566      7,090           210,261   803483.468566          6,584               210,261   733416.963464          6,655               196,409   662582.482484          6,538               180,560   588495.397785          6,045               161,163   517706.091857          5,534               141,614   458300.898943          5,223               125,833   399121.581287          4,649               108,595   340936.114768          3,744                89,970    297884.29055          3,182                77,115
0.5-1m    747803.048032     79,721           528,528   662718.007638     70,761           469,219   662718.007638         68,686               469,219   655535.174427         71,250               476,662   633263.873966         70,945               468,334   615758.541453         70,862               462,601   552965.219666         62,215               410,828   525566.550843         60,525               395,911   457532.923065         50,353               336,074   437701.075393         48,298               321,238   410053.943786         46,475               304,690
1-1.5m    265685.221538     64,673           317,525   296630.682867     72,275           354,421   296630.682867         70,711               354,421   327236.780357         80,747               400,616   347509.084782         86,230               427,954   349248.324271         86,492               429,778   388731.319409         93,707               468,802    392887.42416         96,896               481,602   428372.427228        105,359               524,072   416175.163284        105,550               521,458   352546.103041         89,109               441,466
1.5-2m    105164.795449     40,728           180,700   110735.345346     43,226           191,242   110735.345346         42,390               191,242   120843.263152         46,346               209,039   152465.799303         57,804               260,390    196172.66177         74,330               333,817   242352.858315         93,366               417,894   248891.947041         96,966               433,487   249050.059721         96,492               432,763   248711.246834         96,404               431,837   294925.324667        112,577               505,723
2-3m       97602.585464     57,130           238,862    95046.049909     55,479           231,125    95046.049909         54,459               231,125   110797.461042         63,392               268,064    128325.38108         73,373               309,246   149912.279509         86,152               362,461   166684.646809         96,497               405,218   207353.487053        118,703               498,266   256255.480459        145,919               611,946   300798.081381        173,348               725,456   338801.593578        199,883               832,970
3-4m        50079.19846     43,247           171,832    52274.311012     45,228           179,924    52274.311012         44,431               179,924    56632.574119         48,536               196,304    60507.464174         51,867               209,447    63953.191238         55,023               221,264    73533.690316         63,079               252,808    84313.587015         72,358               289,034   103337.930639         89,340               355,686    114360.64324         98,595               392,889   129505.579305        112,332               446,945
4-5m       24589.543145     28,450           109,605    26682.644254     30,741           118,513    26682.644254         30,218               118,513    32217.717457         36,546               143,302    38516.249033         43,701               171,356    43572.466688         49,624               194,660    45609.861518         52,103               204,065    49042.036066         55,955               218,417    51194.627277         58,888               229,128    62777.510519         71,814               278,063    73262.640006         84,435               326,530
5-10m      37875.705868     70,004           257,055    40515.245068     74,483           273,589    40515.245068         73,223               273,589    47754.547094         86,353               322,573    56981.551393        102,842               384,065    68252.726778        123,381               460,452    81808.630401        147,680               551,078    96131.380525        174,530               650,814   108887.685734        199,726               743,556    122442.45998        227,370               844,769   135211.188327        254,757               943,581
>10m       19807.538776    139,146           452,623    21192.746103    150,673           489,083    21192.746103        148,291               489,083    24844.019652        176,632               581,321    29126.614548        210,191               690,309     33912.91127        249,233               816,647    39886.182474        296,363               969,249    46791.189118        351,850             1,148,563    55525.785354        419,292             1,366,717    65376.205365        498,088             1,620,798    77087.837504        591,628             1,922,371
ALL      2367737.454404    532,333         2,523,073  2109278.500763    549,957         2,517,377  2109278.500763        538,994             2,517,377  2109278.500763        616,457             2,794,288  2109278.500763        703,491             3,101,660  2109278.500763        801,142             3,442,843  2109278.500763        910,544             3,821,555  2109278.500763      1,033,007             4,241,927  2109278.500763      1,170,019             4,708,538  2109278.500763      1,323,210             5,226,478  2109278.500763      1,494,378             5,801,390

